time (s)	theta (A)	maj axis/z0	min axis/z0	crossing#mod 255
2983.241678	210.393402	1.788570	0.252439	209
2985.264031	210.692978	1.801582	0.245945	211
2987.282183	211.814880	1.806982	0.245414	213
2989.305862	212.885239	1.791718	0.249012	215
2991.335535	212.083786	1.779813	0.250625	217
2993.365741	211.044815	1.777962	0.251066	219
2995.392798	210.303558	1.772052	0.247582	221
2997.418444	210.134827	1.774329	0.246210	223
2999.443060	210.346344	1.769774	0.244384	225
3001.467597	210.114609	1.765723	0.244049	227
3003.493360	210.205353	1.766961	0.243213	229
3005.519205	210.227798	1.761485	0.242786	231
3007.543605	210.122559	1.764766	0.244063	233
3009.566101	211.617722	1.768109	0.245415	235
3011.586714	213.996552	1.774610	0.243014	237
3013.608061	216.049850	1.763425	0.240313	239
3015.634115	215.284744	1.754284	0.235563	241
3017.664913	212.974823	1.745154	0.233174	243
3019.694789	210.646591	1.744577	0.237787	245
3021.718771	211.739792	1.757507	0.241862	247
3023.738284	214.664169	1.758304	0.240865	249
3025.758747	216.825607	1.751884	0.236362	251
3027.784299	216.302979	1.737009	0.232316	253
3029.813280	214.867401	1.735690	0.230879	255
3031.842483	213.297760	1.724810	0.231352	1
3033.870128	212.425018	1.723147	0.233141	3
3035.896013	212.473343	1.722203	0.233483	5
3037.921040	212.558426	1.716549	0.233722	7
3039.946498	212.878418	1.719241	0.233566	9
3041.971493	213.202866	1.714976	0.232287	11
3043.996687	213.262283	1.713025	0.232197	13
3046.021510	213.737381	1.712358	0.229665	15
3048.045139	214.037277	1.715679	0.228639	17
3050.066950	215.222717	1.721455	0.225752	19
3052.088035	216.226013	1.725950	0.224763	21
3054.110159	217.086121	1.716928	0.225099	23
3056.135560	217.109818	1.711571	0.227299	25
3058.165051	216.389313	1.696894	0.228457	27
3060.195572	215.359161	1.690727	0.229348	29
3062.222876	214.934341	1.688028	0.226024	31
3064.245499	215.491486	1.698568	0.221453	33
3066.266109	216.537186	1.698264	0.219495	35
3068.286967	217.497360	1.698377	0.218704	37
3070.310218	218.356781	1.689097	0.219838	39
3072.335442	218.329575	1.686991	0.220937	41
3074.361697	218.577179	1.683239	0.220035	43
3076.388052	218.175522	1.677643	0.220112	45
3078.414133	218.308975	1.679160	0.220019	47
3080.439441	218.137161	1.675138	0.219593	49
3082.464335	218.657837	1.677939	0.218604	51
3084.488284	219.095001	1.670700	0.218017	53
3086.512024	219.744156	1.673273	0.217137	55
3088.535926	220.310318	1.665337	0.215527	57
3090.561309	220.024063	1.661932	0.213379	59
3092.588348	219.686325	1.657844	0.211114	61
3094.617075	218.204422	1.651132	0.210082	63
3096.646131	216.728073	1.645754	0.210598	65
3098.673724	215.960678	1.646823	0.212533	67
3100.698220	216.234131	1.648531	0.214046	69
3102.719833	217.700851	1.651653	0.215537	71
3104.740523	219.646912	1.656919	0.213594	73
3106.762159	220.849625	1.650450	0.210971	75
3108.785958	221.376785	1.643206	0.208513	77
3110.811230	221.314468	1.639923	0.207003	79
3112.837320	220.915710	1.641000	0.205742	81
3114.863347	220.434113	1.636945	0.204586	83
3116.888960	220.381699	1.634901	0.203611	85
3118.914126	220.445694	1.635595	0.203317	87
3120.938548	220.677719	1.633777	0.203011	89
3122.962430	221.009171	1.632986	0.202576	91
3124.985941	221.319473	1.630021	0.202387	93
3127.010625	221.529327	1.624389	0.202407	95
3129.036054	221.507263	1.620201	0.202831	97
3131.064097	221.006332	1.615462	0.203761	99
3133.093397	220.312225	1.606680	0.204859	101
3135.122263	219.466904	1.600214	0.205031	103
3137.149259	219.065125	1.600448	0.202790	105
3139.173883	219.239594	1.605518	0.200266	107
3141.196253	219.758835	1.611744	0.198238	109
3143.217891	220.489899	1.613706	0.196659	111
3145.240095	221.242584	1.610521	0.195660	113
3147.262955	221.969238	1.608030	0.195267	115
3149.286431	222.496429	1.607027	0.194861	117
3151.310642	222.736679	1.601543	0.194552	119
3153.334965	223.244858	1.600121	0.194118	121
3155.359849	223.150452	1.599372	0.193862	123
3157.384815	223.625778	1.597614	0.192700	125
3159.410122	223.503983	1.596246	0.191894	127
3161.435729	223.541580	1.592363	0.190285	129
3163.462057	223.168900	1.591296	0.188835	131
3165.489263	222.546860	1.583179	0.187692	133
3167.516861	221.921082	1.582312	0.186895	135
3169.544723	220.877182	1.575671	0.187548	137
3171.572264	220.364441	1.573420	0.187682	139
3173.598216	220.017517	1.572505	0.188962	141
3175.622083	220.404251	1.570893	0.190743	143
3177.644419	221.631165	1.572927	0.190046	145
3179.665975	222.963226	1.574159	0.187932	147
3181.687521	224.026733	1.572131	0.185944	149
3183.710322	224.726501	1.567797	0.184285	151
3185.733971	225.166382	1.566010	0.183597	153
3187.758634	225.146072	1.563484	0.182136	155
3189.783449	225.132629	1.562162	0.181246	157
3191.808387	225.205444	1.562380	0.180450	159
3193.833368	225.193405	1.561705	0.180151	161
3195.858250	225.104340	1.560496	0.180338	163
3197.883615	225.142715	1.554928	0.179362	165
3199.909879	224.938416	1.549450	0.179229	167
3201.937091	224.436569	1.541636	0.178986	169
3203.965285	224.068604	1.537158	0.178916	171
3205.993519	223.423843	1.532038	0.179356	173
3208.020846	222.907410	1.527155	0.178811	175
3210.046611	222.834930	1.529184	0.175771	177
3212.070782	222.957703	1.533952	0.174049	179
3214.093880	223.296097	1.535961	0.172178	181
3216.116346	223.715485	1.536909	0.171085	183
3218.139037	224.345383	1.536566	0.169814	185
3220.162104	224.749176	1.537232	0.168956	187
3222.185837	225.091492	1.534421	0.168428	189
3224.210020	225.471954	1.532413	0.167800	191
3226.234589	225.621552	1.533118	0.167277	193
3228.259711	225.577499	1.528935	0.166551	195
3230.285130	225.642044	1.524570	0.165309	197
3232.310939	225.360718	1.520855	0.164561	199
3234.337620	225.155197	1.516801	0.163432	201
3236.364380	224.559097	1.512601	0.163376	203
3238.391593	224.074448	1.509070	0.163182	205
3240.440044	196.007721	0.742351	0.234899	207
